-----------------------------------------------------------------------------
   PRES   HGHT   TEMP   DWPT   RELH   MIXR   DRCT   SKNT   THTA   THTE   THTV
    hPa     m      C      C      %    g/kg    deg   knot     K      K      K 
-----------------------------------------------------------------------------
 1000.0     30                                                               
  925.0    672                                                               
  850.0   1345                                                               
  700.0   2776                                                               
  694.0   2835  -65.5  -72.5     37   0.00     95      2  230.5  230.5  230.5
  693.0   2844  -63.7  -71.7     33   0.00     70     12  232.6  232.6  232.6
  692.0   2853  -61.9  -70.9     29   0.00     65     13  234.7  234.7  234.7
  690.0   2871  -58.3  -69.3     23   0.00     60     13  238.9  238.9  238.9
  687.0   2899  -48.1  -56.1     39   0.03     53     12  250.5  250.6  250.5
  685.0   2918  -46.1  -53.1     45   0.04     48     12  253.0  253.1  253.0
  682.0   2947  -45.6  -51.0     54   0.05     40     11  253.8  254.0  253.8
  679.0   2977  -45.1  -49.0     65   0.07     40     11  254.7  254.9  254.7
  674.0   3026  -41.1  -44.2     72   0.11     39     11  259.7  260.1  259.8
  657.0   3201  -37.9  -41.4     70   0.16     38     11  265.2  265.8  265.3
  572.0   4151  -39.7  -47.7     42   0.09     29     11  273.9  274.2  273.9
  560.0   4296  -40.3  -45.0     61   0.12     27     11  274.8  275.2  274.8
  500.0   5060  -45.1  -49.6     60   0.08     20     11  278.0  278.3  278.0
  487.0   5234  -46.4  -50.1     65   0.08     10      7  278.5  278.8  278.5
  476.0   5386  -47.5  -50.6     70   0.08     13      8  279.0  279.2  279.0
  400.0   6510  -55.9  -60.3     58   0.03     35     12  282.3  282.4  282.3
  386.0   6736  -57.7  -62.1     57   0.02     38     12  282.8  282.9  282.8
  378.0   6867  -58.4  -62.8     57   0.02     40     12  283.6  283.7  283.6
  336.0   7600  -62.2  -66.4     57   0.02     65      9  288.1  288.1  288.1
  317.0   7962  -64.1  -68.2     57   0.01     80     11  290.3  290.3  290.3
  315.0   8001  -64.3  -68.4     57   0.01     77     12  290.5  290.6  290.5
  306.0   8179  -64.5  -69.8     49   0.01     65     14  292.6  292.6  292.6
  300.0   8300  -64.7  -70.7     43   0.01     70     12  294.0  294.1  294.0
  291.0   8485  -65.0  -72.7     34   0.01     80     11  296.1  296.2  296.1
  289.0   8527  -65.1  -73.1     32   0.01     77     11  296.6  296.6  296.6
  277.0   8783  -66.3  -75.2     28   0.01     60     10  298.6  298.6  298.6
  263.0   9097  -67.7  -77.7     23   0.00     63      9  300.9  300.9  300.9
  252.0   9352  -68.9  -78.0     26   0.00     65      8  302.9  302.9  302.9
  250.0   9400  -69.1  -78.1     26   0.00     65      7  303.2  303.2  303.2
  236.0   9741  -70.6  -79.6     26   0.00    100     10  306.0  306.0  306.0
  221.0  10129  -72.3  -81.3     25   0.00     65     10  309.2  309.2  309.2
  200.0  10720  -74.9  -83.9     24   0.00     55      6  314.0  314.0  314.0
  174.0  11524  -77.3  -85.3     27   0.00     77      6  322.8  322.8  322.8
  150.0  12370  -79.9  -86.9     31   0.00    100      7  332.3  332.3  332.3
